../../../../.git/annex/objects/Qz/13/MD5E-s1020416--c3aa25fa33b4fc885304baeb1f578348.tsv/MD5E-s1020416--c3aa25fa33b4fc885304baeb1f578348.tsv