../../../../.git/annex/objects/QG/kp/MD5E-s25388184--777471d5699b4cc4be43684363a906bd.tsv/MD5E-s25388184--777471d5699b4cc4be43684363a906bd.tsv