../../../../.git/annex/objects/mJ/Kx/MD5E-s42779--7ec915d2338c81ca71e04ce688ac3069.tsv/MD5E-s42779--7ec915d2338c81ca71e04ce688ac3069.tsv