../../../../.git/annex/objects/Wx/7p/MD5E-s58486--3bc37a16a2dcc0705fc11802d769ee14.tsv/MD5E-s58486--3bc37a16a2dcc0705fc11802d769ee14.tsv