../../../../.git/annex/objects/gJ/46/MD5E-s342414--cc4620bc1ffee533eab703da570ce8fc.tsv/MD5E-s342414--cc4620bc1ffee533eab703da570ce8fc.tsv