../../../../.git/annex/objects/KK/3P/MD5E-s42869--c4fcba87bc1891de3d4bc3aa008529e4.tsv/MD5E-s42869--c4fcba87bc1891de3d4bc3aa008529e4.tsv