../../../../.git/annex/objects/0W/kv/MD5E-s42769--3e62b94588bb2494c5d0aee73b5a065d.tsv/MD5E-s42769--3e62b94588bb2494c5d0aee73b5a065d.tsv