../../../../.git/annex/objects/K2/Mg/MD5E-s1251--29c469e8ecb1749daa83d8366e7758ae.tsv/MD5E-s1251--29c469e8ecb1749daa83d8366e7758ae.tsv